cpu  919 0 1110 132281 432 0 64 0 0 0
cpu0 187 0 274 32698 119 0 49 0 0 0
cpu1 291 0 316 32993 204 0 2 0 0 0
cpu2 230 0 254 33274 70 0 0 0 0 0
cpu3 211 0 266 33314 38 0 13 0 0 0
intr 293104 0 0 0 0 0 0 0 0 0 0 0 0 0 0 0 0 0 42551 0 0 0 0 0 222 2 0 0 0 0 0 0 0 0 0 0 0 0 0 0 0 0 0 0 0 0 0 0 0 0 0 0 3958 0 0 2244 0 0 0 0 0 0 0 104381 0 0 0 0 0 0 0 0 0 0 0 0 0 0 0 0 0 0 0 0 0 0 0 302 0 0 0 0 0 62431 0 0 0 0 0 0 0 0 0 0 0 0 0 0 0 0 0 0 0 0 0 0 0 0 0 0 0 0 0 0 0 0 0 0 0 0 0 0 0 0 0 0 0 0 0 0 0 0 0 0 0 0 0 0 0 0 0 0 0 0 0 0 0 0 0 0 0 0 0 0 0 0 0 0 0 0
ctxt 238633
btime 1534719824
processes 1213
procs_running 1
procs_blocked 0
softirq 120260 5301 18140 8 7007 0 0 52706 18720 0 18378